epoch,tGroup,target,outcome,probX,probY,probZ
0,1,2,0,0.41,0.24,0.15
1,0,2,0,0.35,0.20,0.18
2,0,2,0,0.33,0.19,0.22
3,1,1,0,0.33,0.26,0.29
4,1,0,0,0.38,0.39,0.29
5,0,0,0,0.43,0.28,0.23
6,0,1,0,0.39,0.29,0.18
7,0,2,0,0.34,0.22,0.20
8,1,1,0,0.34,0.29,0.27
9,1,2,0,0.32,0.28,0.20
10,0,0,0,0.38,0.32,0.27
11,0,1,0,0.34,0.32,0.21
12,1,2,0,0.31,0.29,0.22
13,0,2,0,0.28,0.24,0.27
14,1,1,0,0.29,0.31,0.35
15,0,2,0,0.25,0.27,0.29
16,0,1,0,0.26,0.37,0.29
17,1,0,0,0.32,0.48,0.37
18,0,2,0,0.26,0.26,0.29
19,0,0,0,0.34,0.39,0.24
20,1,1,0,0.31,0.31,0.36
21,0,2,0,0.27,0.26,0.31
22,0,0,0,0.35,0.39,0.24
23,1,2,0,0.32,0.27,0.30
24,1,2,0,0.29,0.25,0.37
25,0,2,0,0.26,0.21,0.43
26,0,2,0,0.25,0.21,0.48
27,1,1,0,0.22,0.28,0.60
28,0,2,0,0.23,0.23,0.49
29,1,1,0,0.20,0.31,0.59
30,0,0,0,0.30,0.39,0.34
31,1,2,0,0.26,0.27,0.43
32,0,2,0,0.24,0.22,0.51
33,0,1,0,0.25,0.33,0.46
34,0,1,0,0.24,0.37,0.42
35,0,0,0,0.30,0.43,0.33
36,0,2,0,0.24,0.25,0.46
37,1,2,0,0.24,0.28,0.48
38,0,0,0,0.31,0.37,0.38
39,1,2,0,0.26,0.25,0.49
40,0,2,0,0.23,0.21,0.56
41,1,1,0,0.21,0.29,0.64
42,1,1,0,0.21,0.33,0.59
43,1,1,0,0.23,0.37,0.50
44,0,2,0,0.20,0.31,0.46
45,0,0,0,0.30,0.39,0.45
46,0,2,0,0.23,0.26,0.48
47,0,1,0,0.25,0.38,0.40
48,0,1,0,0.24,0.43,0.37
49,0,0,0,0.31,0.44,0.40
50,1,2,0,0.24,0.33,0.40
51,0,0,0,0.34,0.38,0.41
52,0,0,0,0.39,0.35,0.38
53,0,0,0,0.43,0.33,0.35
54,0,2,0,0.32,0.22,0.39
55,0,2,0,0.31,0.21,0.45
56,0,0,0,0.42,0.33,0.30
57,1,2,0,0.36,0.23,0.41
58,0,1,0,0.35,0.30,0.39
59,1,2,0,0.32,0.25,0.43
60,0,2,0,0.26,0.21,0.54
61,1,1,0,0.25,0.30,0.58
62,0,0,0,0.37,0.36,0.33
63,0,0,0,0.43,0.30,0.41
64,1,2,0,0.35,0.23,0.41
65,0,2,0,0.29,0.19,0.53
66,1,0,0,0.42,0.34,0.51
67,1,1,0,0.36,0.25,0.48
68,0,2,0,0.29,0.20,0.49
69,0,0,0,0.43,0.27,0.42
70,0,2,0,0.31,0.18,0.50
71,0,2,0,0.28,0.18,0.54
72,0,1,0,0.33,0.28,0.42
73,0,0,0,0.42,0.28,0.43
74,1,2,0,0.31,0.22,0.48
75,1,2,0,0.31,0.22,0.49
76,0,2,0,0.26,0.17,0.61
77,1,2,0,0.26,0.20,0.60
78,0,0,0,0.39,0.24,0.54
79,0,0,0,0.42,0.26,0.38
80,1,1,0,0.36,0.22,0.53
81,1,2,0,0.30,0.20,0.52
82,1,0,0,0.43,0.31,0.50
83,0,0,0,0.46,0.26,0.31
84,1,2,0,0.35,0.17,0.50
85,1,2,0,0.35,0.17,0.51
86,1,1,0,0.35,0.21,0.54
87,1,2,0,0.31,0.19,0.50
88,0,2,0,0.25,0.16,0.62
89,1,1,0,0.25,0.24,0.60
90,0,0,0,0.40,0.26,0.44
91,0,2,0,0.26,0.17,0.57
92,0,2,0,0.25,0.17,0.60
93,1,2,0,0.28,0.19,0.57
94,1,2,0,0.24,0.18,0.63
95,0,0,0,0.37,0.25,0.43
96,0,0,0,0.42,0.24,0.39
97,0,0,0,0.47,0.23,0.36
98,1,2,0,0.34,0.15,0.57
99,0,1,0,0.37,0.22,0.45
100,1,2,0,0.32,0.18,0.54
101,1,1,0,0.32,0.22,0.55
102,0,1,0,0.31,0.28,0.40
103,1,2,0,0.24,0.22,0.54
104,1,1,0,0.23,0.30,0.55
105,1,1,0,0.26,0.32,0.46
106,1,0,0,0.36,0.43,0.40
107,0,0,0,0.42,0.32,0.32
108,0,1,0,0.33,0.35,0.28
109,0,2,0,0.24,0.24,0.46
110,0,1,0,0.30,0.38,0.30
111,0,2,0,0.22,0.27,0.49
112,0,1,0,0.27,0.41,0.32
113,1,1,0,0.25,0.42,0.39
114,0,2,0,0.18,0.33,0.48
115,1,2,0,0.20,0.34,0.49
116,1,1,0,0.23,0.42,0.44
117,1,1,0,0.18,0.49,0.44
118,0,2,0,0.17,0.36,0.50
119,0,2,0,0.16,0.34,0.55
120,0,1,0,0.21,0.50,0.35
121,0,0,0,0.30,0.52,0.26
122,1,0,0,0.35,0.52,0.38
123,1,0,0,0.39,0.48,0.35
124,0,2,0,0.23,0.26,0.49
125,1,0,0,0.43,0.43,0.36
126,0,1,0,0.34,0.38,0.27
127,1,1,0,0.31,0.38,0.34
128,1,2,0,0.27,0.34,0.38
129,0,2,0,0.21,0.27,0.52
130,1,1,0,0.22,0.41,0.44
131,0,1,0,0.27,0.48,0.28
132,0,2,0,0.18,0.33,0.51
133,1,2,0,0.22,0.36,0.46
134,1,2,0,0.19,0.32,0.55
135,0,2,0,0.16,0.28,0.64
136,0,0,0,0.35,0.37,0.41
137,0,1,0,0.26,0.41,0.37
138,0,0,0,0.38,0.39,0.35
139,1,1,0,0.23,0.41,0.44
140,1,1,0,0.27,0.43,0.37
141,1,0,0,0.39,0.53,0.31
142,0,0,0,0.42,0.44,0.19
143,0,1,0,0.34,0.45,0.23
144,1,2,0,0.26,0.33,0.42
145,1,0,0,0.44,0.47,0.31
146,1,1,0,0.34,0.39,0.32
147,0,2,0,0.23,0.29,0.48
148,0,0,0,0.44,0.42,0.20
149,0,2,0,0.25,0.25,0.52
150,0,2,0,0.23,0.24,0.56
151,1,2,0,0.28,0.27,0.50
152,1,2,0,0.24,0.24,0.59
153,1,0,0,0.44,0.38,0.43
154,1,0,0,0.48,0.36,0.39
155,0,0,0,0.51,0.29,0.24
156,1,1,0,0.40,0.28,0.39
157,0,0,0,0.52,0.31,0.21
158,0,0,0,0.56,0.30,0.20
159,0,2,0,0.32,0.17,0.55
160,1,0,0,0.58,0.32,0.33
161,0,2,0,0.32,0.16,0.57
162,0,2,0,0.31,0.15,0.60
163,1,1,0,0.40,0.25,0.42
164,0,2,0,0.27,0.17,0.60
165,1,2,0,0.28,0.19,0.58
166,0,0,0,0.51,0.25,0.35
167,0,0,0,0.55,0.24,0.33
168,1,1,0,0.41,0.25,0.39
169,0,1,0,0.39,0.32,0.28
170,1,1,0,0.30,0.35,0.38
171,0,2,0,0.22,0.24,0.56
172,1,2,0,0.28,0.26,0.48
173,1,1,0,0.30,0.35,0.39
174,0,0,0,0.46,0.36,0.28
175,0,0,0,0.49,0.36,0.20
176,0,1,0,0.37,0.38,0.25
177,0,0,0,0.51,0.37,0.18
178,1,1,0,0.32,0.39,0.34
179,1,2,0,0.28,0.28,0.46
180,0,1,0,0.35,0.43,0.25
181,1,1,0,0.26,0.47,0.34
182,1,1,0,0.30,0.48,0.29
183,1,0,0,0.46,0.55,0.24
184,1,2,0,0.25,0.33,0.44
185,0,2,0,0.21,0.29,0.55
186,0,1,0,0.31,0.48,0.25
187,0,0,0,0.45,0.45,0.18
188,0,2,0,0.20,0.29,0.58
189,1,0,0,0.49,0.46,0.29
190,1,1,0,0.29,0.43,0.35
191,0,0,0,0.51,0.39,0.22
192,1,1,0,0.36,0.42,0.28
193,1,1,0,0.28,0.50,0.29
194,1,1,0,0.32,0.51,0.25
195,0,0,0,0.48,0.50,0.13
196,0,0,0,0.53,0.45,0.17
197,0,1,0,0.39,0.51,0.17
198,1,2,0,0.26,0.35,0.41
199,0,0,0,0.52,0.44,0.15
200,1,2,0,0.31,0.33,0.40
201,0,2,0,0.22,0.27,0.58
202,1,1,0,0.28,0.45,0.35
203,0,0,0,0.51,0.40,0.22
204,0,0,0,0.55,0.37,0.21
205,1,0,0,0.59,0.42,0.24
206,1,1,0,0.35,0.41,0.29
207,1,2,0,0.32,0.30,0.41
208,0,0,0,0.57,0.34,0.21
209,0,0,0,0.60,0.33,0.16
210,1,1,0,0.36,0.40,0.29
211,1,2,0,0.30,0.25,0.48
212,0,1,0,0.39,0.42,0.22
213,1,1,0,0.35,0.43,0.28
214,1,2,0,0.24,0.31,0.50
215,1,1,0,0.31,0.46,0.30
216,1,2,0,0.21,0.33,0.53
217,1,0,0,0.49,0.48,0.27
218,1,1,0,0.26,0.49,0.32
219,1,1,0,0.30,0.49,0.28
220,1,2,0,0.20,0.34,0.51
221,1,2,0,0.22,0.36,0.49
222,1,2,0,0.19,0.30,0.61
223,0,0,0,0.46,0.39,0.26
224,0,2,0,0.18,0.26,0.67
225,0,0,0,0.49,0.35,0.22
226,1,2,0,0.26,0.26,0.57
227,1,1,0,0.30,0.38,0.39
228,1,1,0,0.24,0.47,0.39
229,0,0,0,0.49,0.40,0.24
230,0,2,0,0.18,0.26,0.66
231,0,2,0,0.18,0.25,0.69
232,0,0,0,0.51,0.34,0.21
233,0,2,0,0.19,0.23,0.70
234,1,1,0,0.32,0.38,0.36
235,0,0,0,0.52,0.35,0.20
236,1,0,0,0.56,0.40,0.27
237,0,0,0,0.60,0.31,0.22
238,0,0,0,0.62,0.28,0.17
239,1,1,0,0.36,0.39,0.32
240,1,1,0,0.33,0.43,0.29
241,0,1,0,0.39,0.46,0.20
242,1,2,0,0.24,0.28,0.54
243,1,2,0,0.26,0.30,0.51
244,1,2,0,0.25,0.29,0.55
245,1,1,0,0.25,0.47,0.38
246,1,1,0,0.29,0.47,0.32
247,1,2,0,0.18,0.30,0.61
248,1,2,0,0.21,0.32,0.58
249,1,1,0,0.26,0.47,0.35
250,1,0,0,0.47,0.49,0.27
251,0,1,0,0.29,0.50,0.25
252,0,1,0,0.27,0.54,0.24
253,0,1,0,0.26,0.58,0.23
254,0,1,0,0.25,0.61,0.22
255,1,1,0,0.23,0.62,0.26
256,1,1,0,0.22,0.65,0.25
257,0,2,0,0.11,0.44,0.62
258,0,2,0,0.11,0.41,0.65
259,0,0,0,0.41,0.50,0.16
260,0,2,0,0.14,0.34,0.65
261,0,1,0,0.24,0.57,0.24
262,0,0,0,0.45,0.49,0.20
263,1,2,0,0.17,0.31,0.61
264,0,1,0,0.26,0.55,0.24
265,0,1,0,0.25,0.59,0.23
266,0,0,0,0.46,0.49,0.19
267,1,1,0,0.26,0.56,0.26
268,1,1,0,0.20,0.64,0.28
269,1,0,0,0.48,0.58,0.19
270,0,2,0,0.14,0.34,0.63
271,1,2,0,0.20,0.36,0.52
272,0,2,0,0.14,0.30,0.70
273,0,2,0,0.14,0.28,0.70
274,1,2,0,0.16,0.26,0.68
275,1,2,0,0.18,0.29,0.63
276,0,1,0,0.24,0.49,0.30
277,1,1,0,0.23,0.50,0.34
278,1,2,0,0.16,0.34,0.62
279,0,0,0,0.44,0.42,0.24
280,1,2,0,0.18,0.29,0.64
281,1,1,0,0.19,0.52,0.39
282,0,0,0,0.47,0.41,0.22
283,0,2,0,0.14,0.25,0.73
284,1,1,0,0.26,0.46,0.33
285,1,2,0,0.18,0.31,0.62
286,1,1,0,0.24,0.49,0.33
287,0,2,0,0.12,0.29,0.75
288,0,0,0,0.46,0.39,0.19
289,1,1,0,0.21,0.54,0.34
290,0,0,0,0.50,0.39,0.17
291,1,1,0,0.23,0.55,0.30
292,0,1,0,0.28,0.56,0.21
293,1,1,0,0.26,0.57,0.25
294,0,2,0,0.12,0.34,0.70
295,0,2,0,0.12,0.32,0.72
296,0,0,0,0.49,0.45,0.18
297,1,2,0,0.20,0.31,0.59
298,0,0,0,0.52,0.37,0.17
299,0,2,0,0.16,0.24,0.73
300,0,0,0,0.55,0.36,0.20
301,0,0,0,0.59,0.34,0.19
302,1,1,0,0.35,0.42,0.27
303,0,0,0,0.59,0.33,0.16
304,0,0,0,0.63,0.30,0.15
305,0,0,0,0.65,0.29,0.15
306,0,2,0,0.22,0.19,0.70
307,0,0,0,0.66,0.30,0.17
308,1,2,0,0.30,0.20,0.60
309,0,2,0,0.21,0.17,0.74
310,1,2,0,0.23,0.16,0.71
311,1,0,0,0.64,0.32,0.25
312,0,1,0,0.40,0.37,0.24
313,1,1,0,0.30,0.44,0.31
314,0,0,0,0.63,0.28,0.16
315,1,1,0,0.30,0.47,0.28
316,0,1,0,0.36,0.49,0.20
317,0,0,0,0.61,0.37,0.16
318,0,0,0,0.64,0.31,0.14
319,1,2,0,0.23,0.21,0.65
320,0,2,0,0.17,0.21,0.74
321,1,1,0,0.29,0.49,0.28
322,0,2,0,0.17,0.23,0.72
323,0,2,0,0.15,0.22,0.76
324,1,1,0,0.26,0.51,0.29
325,1,1,0,0.25,0.56,0.27
326,0,2,0,0.14,0.26,0.74
327,0,2,0,0.13,0.25,0.76
328,1,2,0,0.17,0.23,0.71
329,1,1,0,0.29,0.49,0.28
330,1,2,0,0.18,0.29,0.64
331,0,0,0,0.55,0.38,0.18
332,0,0,0,0.58,0.36,0.18
333,0,0,0,0.61,0.33,0.17
334,0,2,0,0.17,0.20,0.76
335,1,0,0,0.63,0.37,0.21
336,1,1,0,0.37,0.40,0.26
337,0,2,0,0.15,0.20,0.77
338,0,0,0,0.63,0.27,0.15
339,0,0,0,0.66,0.26,0.15
340,0,1,0,0.38,0.44,0.20
341,1,1,0,0.35,0.46,0.24
342,0,0,0,0.63,0.36,0.15
343,1,0,0,0.65,0.40,0.17
344,0,1,0,0.38,0.48,0.18
345,0,0,0,0.65,0.35,0.13
346,0,0,0,0.68,0.28,0.12
347,1,1,0,0.39,0.45,0.20
348,0,1,0,0.36,0.53,0.16
349,0,0,0,0.65,0.33,0.11
350,1,1,0,0.36,0.51,0.19
351,1,2,0,0.19,0.25,0.64
352,0,1,0,0.32,0.57,0.17
353,1,0,0,0.62,0.48,0.15
354,0,0,0,0.64,0.38,0.12
355,0,2,0,0.15,0.24,0.72
356,0,2,0,0.15,0.23,0.74
357,1,1,0,0.27,0.55,0.23
358,1,2,0,0.21,0.27,0.60
359,0,0,0,0.63,0.35,0.14
360,1,0,0,0.66,0.38,0.17
361,0,2,0,0.15,0.20,0.76
362,1,1,0,0.35,0.44,0.22
363,1,1,0,0.33,0.49,0.21
364,0,2,0,0.14,0.25,0.73
365,0,2,0,0.13,0.24,0.75
366,1,1,0,0.23,0.57,0.25
367,0,0,0,0.61,0.38,0.13
368,0,1,0,0.30,0.55,0.18
369,0,1,0,0.28,0.59,0.18
370,0,2,0,0.12,0.28,0.73
371,0,0,0,0.60,0.34,0.13
372,1,2,0,0.16,0.23,0.70
373,0,2,0,0.12,0.24,0.79
374,0,2,0,0.13,0.23,0.77
375,0,1,0,0.27,0.55,0.21
376,1,2,0,0.17,0.28,0.67
377,1,1,0,0.26,0.53,0.25
378,0,2,0,0.10,0.26,0.81
379,1,1,0,0.19,0.62,0.27
380,0,2,0,0.10,0.26,0.80
381,1,2,0,0.12,0.23,0.75
382,0,1,0,0.22,0.60,0.22
383,0,2,0,0.09,0.26,0.81
384,0,0,0,0.55,0.34,0.15
385,1,0,0,0.59,0.43,0.18
386,1,1,0,0.21,0.59,0.26
387,1,1,0,0.27,0.55,0.22
388,1,0,0,0.59,0.47,0.16
389,1,1,0,0.22,0.62,0.23
390,1,2,0,0.14,0.24,0.71
391,1,2,0,0.16,0.28,0.66
392,1,1,0,0.20,0.62,0.25
393,1,2,0,0.13,0.23,0.75
394,1,0,0,0.59,0.44,0.17
395,1,2,0,0.14,0.20,0.75
396,1,2,0,0.13,0.20,0.77
397,0,0,0,0.60,0.34,0.15
398,0,2,0,0.12,0.20,0.80
399,0,2,0,0.11,0.19,0.83
400,1,2,0,0.14,0.17,0.79
401,0,2,0,0.10,0.18,0.84
402,1,1,0,0.21,0.54,0.29
403,0,0,0,0.61,0.26,0.15
404,0,2,0,0.11,0.19,0.83
405,0,1,0,0.27,0.52,0.22
406,1,2,0,0.16,0.24,0.71
407,1,1,0,0.20,0.58,0.28
408,0,2,0,0.10,0.21,0.82
409,1,1,0,0.20,0.61,0.26
410,0,1,0,0.24,0.61,0.20
411,1,0,0,0.59,0.45,0.16
412,1,1,0,0.26,0.56,0.22
413,0,2,0,0.09,0.25,0.81
414,0,0,0,0.60,0.32,0.13
415,1,1,0,0.21,0.64,0.23
416,1,2,0,0.13,0.22,0.75
417,0,1,0,0.25,0.63,0.18
418,0,1,0,0.24,0.66,0.18
419,0,0,0,0.59,0.43,0.12
420,1,1,0,0.20,0.68,0.21
421,1,1,0,0.20,0.70,0.20
422,0,1,0,0.23,0.69,0.16
423,0,2,0,0.09,0.30,0.77
424,0,2,0,0.08,0.28,0.80
425,0,0,0,0.59,0.35,0.12
426,0,0,0,0.62,0.40,0.11
427,0,0,0,0.65,0.30,0.11
428,1,1,0,0.23,0.64,0.19
429,1,1,0,0.29,0.59,0.17
430,1,1,0,0.27,0.63,0.17
431,1,1,0,0.20,0.73,0.18
432,1,1,0,0.19,0.74,0.17
433,1,0,0,0.61,0.52,0.12
434,0,0,0,0.63,0.42,0.09
435,1,2,0,0.14,0.22,0.71
436,0,2,0,0.10,0.24,0.79
437,1,2,0,0.16,0.27,0.65
438,1,0,0,0.65,0.41,0.14
439,0,0,0,0.67,0.33,0.11
440,0,0,0,0.69,0.31,0.11
441,1,2,0,0.16,0.16,0.75
442,1,0,0,0.71,0.33,0.14
443,1,2,0,0.20,0.19,0.68
444,0,2,0,0.12,0.16,0.83
445,0,2,0,0.13,0.16,0.81
446,1,2,0,0.15,0.13,0.79
447,0,2,0,0.12,0.15,0.83
448,0,2,0,0.12,0.15,0.83
449,1,2,0,0.17,0.17,0.75
450,1,2,0,0.14,0.12,0.83
451,1,0,0,0.69,0.27,0.18
452,0,2,0,0.12,0.13,0.85
453,1,0,0,0.70,0.26,0.18
454,1,1,0,0.25,0.48,0.25
455,1,2,0,0.18,0.17,0.75
456,1,1,0,0.31,0.43,0.24
457,1,1,0,0.29,0.48,0.22
458,1,1,0,0.21,0.61,0.23
459,1,1,0,0.26,0.56,0.20
460,0,1,0,0.23,0.64,0.18
461,1,1,0,0.24,0.63,0.19
462,0,0,0,0.62,0.32,0.12
463,0,0,0,0.64,0.39,0.11
464,0,2,0,0.10,0.23,0.81
465,0,0,0,0.66,0.35,0.11
466,0,1,0,0.27,0.62,0.16
467,0,2,0,0.09,0.22,0.83
468,0,1,0,0.25,0.64,0.16
469,0,1,0,0.24,0.67,0.16
470,0,1,0,0.23,0.69,0.16
471,1,2,0,0.13,0.30,0.69
472,1,0,0,0.64,0.44,0.13
473,1,2,0,0.11,0.19,0.79
474,1,0,0,0.66,0.39,0.14
475,1,1,0,0.27,0.57,0.18
476,1,2,0,0.14,0.26,0.71
477,0,2,0,0.08,0.21,0.85
478,0,1,0,0.22,0.64,0.18
479,1,1,0,0.24,0.61,0.19
480,1,0,0,0.64,0.43,0.13
481,1,0,0,0.66,0.39,0.13
482,1,2,0,0.12,0.17,0.79
483,1,0,0,0.68,0.36,0.13
484,1,1,0,0.21,0.64,0.19
485,1,1,0,0.21,0.67,0.18
486,0,0,0,0.67,0.26,0.11
487,1,1,0,0.28,0.59,0.16
488,1,1,0,0.20,0.71,0.17
489,0,2,0,0.08,0.24,0.82
490,0,2,0,0.09,0.23,0.81
491,1,2,0,0.13,0.26,0.71
492,0,2,0,0.09,0.21,0.83
493,1,0,0,0.67,0.37,0.13
494,1,1,0,0.26,0.57,0.18
495,1,2,0,0.11,0.18,0.80
496,0,0,0,0.67,0.24,0.12
497,0,2,0,0.08,0.19,0.85
498,1,2,0,0.14,0.22,0.74
499,1,2,0,0.11,0.15,0.82
500,1,2,0,0.13,0.21,0.76
501,1,2,0,0.11,0.14,0.84
502,1,2,0,0.13,0.20,0.78
503,0,0,0,0.66,0.28,0.13
504,1,0,0,0.70,0.29,0.15
505,1,0,0,0.71,0.28,0.15
506,1,1,0,0.29,0.48,0.21
507,0,0,0,0.70,0.27,0.11
508,0,0,0,0.72,0.25,0.11
509,0,0,0,0.73,0.24,0.11
510,1,1,0,0.32,0.49,0.19
511,0,0,0,0.73,0.26,0.10
512,0,1,0,0.28,0.58,0.17
513,1,1,0,0.23,0.64,0.19
514,0,2,0,0.09,0.18,0.86
515,1,2,0,0.12,0.15,0.82
516,1,0,0,0.73,0.32,0.13
517,0,2,0,0.09,0.16,0.86
518,1,2,0,0.13,0.13,0.82
519,1,1,0,0.28,0.54,0.18
520,0,2,0,0.09,0.18,0.85
521,1,1,0,0.20,0.66,0.19
522,0,2,0,0.09,0.19,0.84
523,1,1,0,0.20,0.68,0.19
524,0,1,0,0.22,0.67,0.17
525,0,0,0,0.68,0.34,0.10
526,1,2,0,0.11,0.16,0.82
527,1,0,0,0.71,0.34,0.12
528,0,0,0,0.71,0.29,0.10
529,1,2,0,0.12,0.14,0.82
530,1,0,0,0.74,0.30,0.12
531,0,2,0,0.09,0.16,0.86
532,1,2,0,0.15,0.18,0.76
533,1,2,0,0.12,0.12,0.84
534,0,1,0,0.24,0.59,0.18
535,1,1,0,0.27,0.56,0.18
536,1,2,0,0.11,0.15,0.83
537,1,2,0,0.12,0.21,0.77
538,1,0,0,0.71,0.31,0.13
539,1,2,0,0.13,0.19,0.78
540,1,2,0,0.11,0.13,0.85
541,1,1,0,0.25,0.55,0.20
542,0,0,0,0.69,0.20,0.13
543,0,0,0,0.71,0.28,0.10
544,1,2,0,0.11,0.13,0.85
545,1,1,0,0.27,0.56,0.18
546,0,2,0,0.07,0.17,0.88
547,0,2,0,0.07,0.17,0.88
548,1,2,0,0.12,0.19,0.79
549,0,1,0,0.21,0.64,0.19
550,1,1,0,0.24,0.61,0.18
551,0,1,0,0.20,0.70,0.18
552,1,1,0,0.17,0.74,0.19
553,1,1,0,0.16,0.75,0.18
554,0,0,0,0.67,0.36,0.09
555,0,0,0,0.69,0.34,0.09
556,1,0,0,0.72,0.34,0.11
557,0,2,0,0.08,0.19,0.85
558,1,0,0,0.73,0.31,0.11
559,1,2,0,0.13,0.20,0.77
560,0,2,0,0.08,0.16,0.86
561,0,1,0,0.22,0.64,0.17
562,1,2,0,0.12,0.20,0.78
563,1,0,0,0.73,0.30,0.12
564,0,0,0,0.73,0.25,0.09
565,1,0,0,0.76,0.27,0.12
566,1,0,0,0.77,0.25,0.12
567,0,0,0,0.77,0.22,0.09
568,0,0,0,0.78,0.21,0.09
569,1,2,0,0.13,0.10,0.84
570,0,0,0,0.77,0.14,0.11
571,1,1,0,0.33,0.50,0.16
572,1,1,0,0.30,0.55,0.15
573,0,2,0,0.09,0.16,0.85
574,1,0,0,0.77,0.27,0.11
575,1,1,0,0.22,0.66,0.16
576,1,2,0,0.11,0.13,0.83
577,0,2,0,0.08,0.16,0.87
578,1,1,0,0.21,0.67,0.17
579,1,1,0,0.26,0.61,0.15
580,0,0,0,0.73,0.20,0.10
581,1,2,0,0.13,0.21,0.77
582,1,1,0,0.26,0.63,0.15
583,0,0,0,0.73,0.30,0.08
584,1,1,0,0.20,0.72,0.16
585,0,0,0,0.73,0.20,0.10
586,0,2,0,0.08,0.19,0.85
587,0,2,0,0.07,0.18,0.87
588,1,1,0,0.20,0.71,0.16
589,0,0,0,0.74,0.29,0.08
590,1,1,0,0.20,0.72,0.15
591,1,2,0,0.10,0.15,0.83
592,1,2,0,0.12,0.21,0.77
593,0,2,0,0.07,0.17,0.88
594,0,1,0,0.21,0.69,0.15
595,0,0,0,0.73,0.20,0.11
596,0,1,0,0.22,0.70,0.15
597,1,1,0,0.24,0.67,0.14
598,1,2,0,0.11,0.23,0.77
599,1,0,0,0.74,0.33,0.10
